0.000000 udp other S0 0 0 0 0 0 0 0 0 0 0 0 0 0 0 0 0 0 0 0 0 0 0 0 0 0 0 0 0 0 0 0 0 0 0 0 0 0
0.013518 udp other SF 0 61 0 0 0 0 0 0 0 0 0 0 0 0 0 0 0 0 1 1 1.0 1.0 0.0 0.0 0.0 0.0 0.0 1 1 1.0 0.0 1.0 0.0 1.0 1.0 0.0 1.0
0.305216 tcp http_443 SF 2172 3992 0 0 2 0 0 0 0 0 0 0 0 0 0 0 0 0 0 0 0 0 0 0 0 0 0 0 0 0 0 0.0 0 0 0 0 0
0.000000 udp other S0 0 0 0 0 0 0 0 0 0 0 0 0 0 0 0 0 0 0 2 2 0.5 0.5 0.0 0.0 0.0 0.0 0.0 2 2 1.0 0.0 0.0 1.0 0.5 0.5 0.0 0.5
0.002285 udp other SF 0 87 0 0 0 0 0 0 0 0 0 0 0 0 0 0 0 0 3 3 0.6666666666666666 0.6666666666666666 0.0 0.0 0.0 0.0 0.0 3 3 1.0 0.0 0.25 0.0 0.6666666666666666 0.6666666666666666 0.0 0.6666666666666666
0.867770 tcp http_443 SF 920 5797 0 0 1 0 0 0 0 0 0 0 0 0 0 0 0 0 0 1 0 0.0 0 0.0 0 0 1.0 0 1 0 0 0.0 1.0 0 0.0 0 0.0
0.000000 udp other S0 0 0 0 0 0 0 0 0 0 0 0 0 0 0 0 0 0 0 4 4 0.5 0.5 0.0 0.0 0.0 0.0 0.0 4 4 1.0 0.0 0.0 1.0 0.5 0.5 0.0 0.5
0.013939 udp other SF 0 150 0 0 0 0 0 0 0 0 0 0 0 0 0 0 0 0 5 5 0.6 0.6 0.0 0.0 0.0 0.0 0.0 5 5 1.0 0.0 0.14285714285714285 0.0 0.6 0.6 0.0 0.6
0.095721 tcp http_443 S1 995 9190 0 0 2 0 0 0 0 0 0 0 0 0 0 0 0 0 0 2 0 0.0 0 0.0 0 0 1.0 0 2 0 0 0.0 1.0 0 0.0 0 0.0
0.052816 tcp http_443 S1 1356 829 0 0 0 0 0 0 0 0 0 0 0 0 0 0 0 0 1 3 0.0 0.3333333333333333 0.0 0.0 1.0 0.0 0.6666666666666666 1 3 0.0 0.0 0.0 1.0 0.0 0.3333333333333333 0.0 0.3333333333333333
0.000000 udp other S0 0 0 0 0 0 0 0 0 0 0 0 0 0 0 0 0 0 0 6 6 0.5 0.5 0.0 0.0 0.0 0.0 0.0 6 6 1.0 0.0 0.0 1.0 0.5 0.5 0.0 0.5
0.000000 udp other S0 0 0 0 0 0 0 0 0 0 0 0 0 0 0 0 0 0 0 7 7 0.5714285714285714 0.5714285714285714 0.0 0.0 0.0 0.0 0.0 7 7 1.0 0.0 0.0 0.0 0.5714285714285714 0.5714285714285714 0.0 0.5714285714285714
0.013055 udp other SF 0 103 0 0 0 0 0 0 0 0 0 0 0 0 0 0 0 0 8 8 0.625 0.625 0.0 0.0 0.0 0.0 0.0 8 8 1.0 0.0 0.08333333333333333 0.0 0.625 0.625 0.0 0.625
3.211598 tcp http_443 SF 997 81644 0 0 1 0 0 0 0 0 0 0 0 0 0 0 0 0 0 4 0 0.5 0 0.0 0 0 1.0 0 4 0 0 0.0 1.0 0 0.5 0 0.5
0.110162 udp other SF 0 118 0 0 0 0 0 0 0 0 0 0 0 0 0 0 0 0 9 9 0.5555555555555556 0.5555555555555556 0.0 0.0 0.0 0.0 0.0 9 9 1.0 0.0 0.07142857142857142 1.0 0.5555555555555556 0.5555555555555556 0.0 0.5555555555555556
4.140017 tcp http SF 707 334 0 0 2 0 0 0 0 0 0 0 0 0 0 0 0 0 0 0 0 0 0 0 0 0 0 0 0 0 0 0.0 0 0 0 0 0
4.095768 tcp http_443 SF 954 4149 0 0 2 0 0 0 0 0 0 0 0 0 0 0 0 0 1 5 0.0 0.4 0.0 0.0 0.0 1.0 1.0 1 5 0.0 1.0 0.0 0.0 0.0 0.4 0.0 0.4
0.000000 udp other S0 0 0 0 0 0 0 0 0 0 0 0 0 0 0 0 0 0 0 10 10 0.5 0.5 0.0 0.0 0.0 0.0 0.0 10 10 1.0 0.0 0.0 1.0 0.5 0.5 0.0 0.5
0.001515 udp other SF 0 83 0 0 0 0 0 0 0 0 0 0 0 0 0 0 0 0 11 11 0.5454545454545454 0.5454545454545454 0.0 0.0 0.0 0.0 0.0 11 11 1.0 0.0 0.05555555555555555 0.0 0.5454545454545454 0.5454545454545454 0.0 0.5454545454545454
0.262531 tcp http SF 304 799 0 0 2 0 0 0 0 0 0 0 0 0 0 0 0 0 0 1 0 0.0 0 0.0 0 0 1.0 0 1 0 0 0.0 1.0 0 0.0 0 0.0
0.000000 udp other S0 0 0 0 0 0 0 0 0 0 0 0 0 0 0 0 0 0 0 12 12 0.5 0.5 0.0 0.0 0.0 0.0 0.0 12 12 1.0 0.0 0.0 1.0 0.5 0.5 0.0 0.5
0.013276 udp other SF 0 180 0 0 0 0 0 0 0 0 0 0 0 0 0 0 0 0 13 13 0.5384615384615384 0.5384615384615384 0.0 0.0 0.0 0.0 0.0 13 13 1.0 0.0 0.047619047619047616 0.0 0.5384615384615384 0.5384615384615384 0.0 0.5384615384615384
0.999908 tcp http_443 S1 2012 29991 0 0 2 0 0 0 0 0 0 0 0 0 0 0 0 0 1 6 1.0 0.3333333333333333 0.0 0.0 1.0 0.0 0.8333333333333334 1 6 0.0 0.0 0.0 1.0 1.0 0.3333333333333333 0.0 0.3333333333333333
0.000000 udp other S0 0 0 0 0 0 0 0 0 0 0 0 0 0 0 0 0 0 0 14 14 0.5 0.5 0.0 0.0 0.0 0.0 0.0 14 14 1.0 0.0 0.0 1.0 0.5 0.5 0.0 0.5
0.000000 udp other S0 0 0 0 0 0 0 0 0 0 0 0 0 0 0 0 0 0 0 15 15 0.5333333333333333 0.5333333333333333 0.0 0.0 0.0 0.0 0.0 15 15 1.0 0.0 0.0 0.0 0.5333333333333333 0.5333333333333333 0.0 0.5333333333333333
0.001662 udp other SF 0 48 0 0 0 0 0 0 0 0 0 0 0 0 0 0 0 0 16 16 0.5625 0.5625 0.0 0.0 0.0 0.0 0.0 16 16 1.0 0.0 0.04 0.0 0.5625 0.5625 0.0 0.5625
8.151481 tcp http_443 S1 6656 315305 0 0 1 0 0 0 0 0 0 0 0 0 0 0 0 0 0 7 0 0.42857142857142855 0 0.0 0 0 1.0 0 7 0 0 0.0 1.0 0 0.42857142857142855 0 0.42857142857142855
0.133856 udp other SF 0 139 0 0 0 0 0 0 0 0 0 0 0 0 0 0 0 0 17 17 0.5294117647058824 0.5294117647058824 0.0 0.0 0.0 0.0 0.0 17 17 1.0 0.0 0.037037037037037035 1.0 0.5294117647058824 0.5294117647058824 0.0 0.5294117647058824
3.626198 tcp http_443 SF 1017 22719 0 0 2 0 0 0 0 0 0 0 0 0 0 0 0 0 0 8 0 0.5 0 0.0 0 0 1.0 0 8 0 0 0.0 1.0 0 0.5 0 0.5
0.000000 udp other S0 0 0 0 0 0 0 0 0 0 0 0 0 0 0 0 0 0 0 18 18 0.5 0.5 0.0 0.0 0.0 0.0 0.0 18 18 1.0 0.0 0.0 1.0 0.5 0.5 0.0 0.5
0.013473 udp other SF 0 162 0 0 0 0 0 0 0 0 0 0 0 0 0 0 0 0 19 19 0.5263157894736842 0.5263157894736842 0.0 0.0 0.0 0.0 0.0 19 19 1.0 0.0 0.03333333333333333 0.0 0.5263157894736842 0.5263157894736842 0.0 0.5263157894736842
0.242872 tcp http_443 S1 1111 4964 0 0 2 0 0 0 0 0 0 0 0 0 0 0 0 0 0 9 0 0.4444444444444444 0 0.0 0 0 1.0 0 9 0 0 0.0 1.0 0 0.4444444444444444 0 0.4444444444444444
0.000000 udp other S0 0 0 0 0 0 0 0 0 0 0 0 0 0 0 0 0 0 0 20 20 0.5 0.5 0.0 0.0 0.0 0.0 0.0 20 20 1.0 0.0 0.0 1.0 0.5 0.5 0.0 0.5
0.001769 udp other SF 0 49 0 0 0 0 0 0 0 0 0 0 0 0 0 0 0 0 21 21 0.5238095238095238 0.5238095238095238 0.0 0.0 0.0 0.0 0.0 21 21 1.0 0.0 0.030303030303030304 0.0 0.5238095238095238 0.5238095238095238 0.0 0.5238095238095238
0.079388 tcp http_443 S1 1056 25440 0 0 1 0 0 0 0 0 0 0 0 0 0 0 0 0 0 10 0 0.5 0 0.0 0 0 1.0 0 10 0 0 0.0 1.0 0 0.5 0 0.5
0.000000 udp other S0 0 0 0 0 0 0 0 0 0 0 0 0 0 0 0 0 0 0 22 22 0.5 0.5 0.0 0.0 0.0 0.0 0.0 22 22 1.0 0.0 0.0 1.0 0.5 0.5 0.0 0.5
0.015312 udp other SF 0 176 0 0 0 0 0 0 0 0 0 0 0 0 0 0 0 0 23 23 0.5217391304347826 0.5217391304347826 0.0 0.0 0.0 0.0 0.0 23 23 1.0 0.0 0.027777777777777776 0.0 0.5217391304347826 0.5217391304347826 0.0 0.5217391304347826
0.000000 udp other S0 0 0 0 0 0 0 0 0 0 0 0 0 0 0 0 0 0 0 22 22 0.5 0.5 0.0 0.0 0.0 0.0 0.0 24 24 1.0 0.0 0.0 0.0 0.5 0.5 0.0 0.5
0.002674 udp other SF 0 49 0 0 0 0 0 0 0 0 0 0 0 0 0 0 0 0 23 23 0.5217391304347826 0.5217391304347826 0.0 0.0 0.0 0.0 0.0 25 25 1.0 0.0 0.02631578947368421 0.0 0.52 0.52 0.0 0.52
0.125087 tcp http_443 S1 1121 70638 0 0 1 0 0 0 0 0 0 0 0 0 0 0 0 0 0 10 0 0.6 0 0.0 0 0 1.0 0 11 0 0 0.0 1.0 0 0.5454545454545454 0 0.5454545454545454
0.000000 udp other S0 0 0 0 0 0 0 0 0 0 0 0 0 0 0 0 0 0 0 24 24 0.5 0.5 0.0 0.0 0.0 0.0 0.0 26 26 1.0 0.0 0.0 1.0 0.5 0.5 0.0 0.5
0.017135 udp other SF 0 142 0 0 0 0 0 0 0 0 0 0 0 0 0 0 0 0 25 25 0.52 0.52 0.0 0.0 0.0 0.0 0.0 27 27 1.0 0.0 0.024390243902439025 0.0 0.5185185185185185 0.5185185185185185 0.0 0.5185185185185185
0.570848 tcp http_443 S1 1437 6235 0 0 2 0 0 0 0 0 0 0 0 0 0 0 0 0 0 11 0 0.6363636363636364 0 0.0 0 0 1.0 0 12 0 0 0.0 1.0 0 0.5833333333333334 0 0.5833333333333334
0.305225 tcp http_443 S1 771 4861 0 0 1 0 0 0 0 0 0 0 0 0 0 0 0 0 1 12 0.0 0.6666666666666666 0.0 0.0 1.0 0.0 0.9166666666666666 1 13 0.0 0.0 0.0 1.0 0.0 0.6153846153846154 0.0 0.6153846153846154
0.109137 tcp http_443 RSTO 0 0 0 0 2 0 0 0 0 0 0 0 0 0 0 0 0 0 0 13 0 0.6923076923076923 0 0.0 0 0 1.0 0 14 0 0 0.0 1.0 0 0.6428571428571429 0 0.6428571428571429
0.000000 udp other S0 0 0 0 0 0 0 0 0 0 0 0 0 0 0 0 0 0 0 26 26 0.5 0.5 0.0 0.0 0.0 0.0 0.0 28 28 1.0 0.0 0.0 1.0 0.5 0.5 0.0 0.5
0.015232 udp other SF 0 94 0 0 0 0 0 0 0 0 0 0 0 0 0 0 0 0 27 27 0.5185185185185185 0.5185185185185185 0.0 0.0 0.0 0.0 0.0 29 29 1.0 0.0 0.021739130434782608 0.0 0.5172413793103449 0.5172413793103449 0.0 0.5172413793103449
0.340742 tcp http_443 S1 3076 5558 0 0 1 0 0 0 0 0 0 0 0 0 0 0 0 0 0 14 0 0.6428571428571429 0 0.0 0 0 1.0 0 15 0 0 0.0 1.0 0 0.6 0 0.6
0.000000 udp other S0 0 0 0 0 0 0 0 0 0 0 0 0 0 0 0 0 0 0 28 28 0.5 0.5 0.0 0.0 0.0 0.0 0.0 30 30 1.0 0.0 0.0 1.0 0.5 0.5 0.0 0.5
0.002164 udp other SF 0 88 0 0 0 0 0 0 0 0 0 0 0 0 0 0 0 0 29 29 0.5172413793103449 0.5172413793103449 0.0 0.0 0.0 0.0 0.0 31 31 1.0 0.0 0.02040816326530612 0.0 0.5161290322580645 0.5161290322580645 0.0 0.5161290322580645
1.357119 tcp http_443 S1 827 114142 0 0 1 0 0 0 0 0 0 0 0 0 0 0 0 0 0 15 0 0.6666666666666666 0 0.0 0 0 1.0 0 16 0 0 0.0 1.0 0 0.625 0 0.625
0.000000 udp other S0 0 0 0 0 0 0 0 0 0 0 0 0 0 0 0 0 0 0 30 30 0.5 0.5 0.0 0.0 0.0 0.0 0.0 32 32 1.0 0.0 0.0 1.0 0.5 0.5 0.0 0.5
0.014178 udp other SF 0 93 0 0 0 0 0 0 0 0 0 0 0 0 0 0 0 0 31 31 0.5161290322580645 0.5161290322580645 0.0 0.0 0.0 0.0 0.0 33 33 1.0 0.0 0.019230769230769232 0.0 0.5151515151515151 0.5151515151515151 0.0 0.5151515151515151
0.000000 udp other S0 0 0 0 0 0 0 0 0 0 0 0 0 0 0 0 0 0 0 32 32 0.5 0.5 0.0 0.0 0.0 0.0 0.0 34 34 1.0 0.0 0.0 0.0 0.5 0.5 0.0 0.5
0.002565 udp other SF 0 101 0 0 0 0 0 0 0 0 0 0 0 0 0 0 0 0 33 33 0.5151515151515151 0.5151515151515151 0.0 0.0 0.0 0.0 0.0 35 35 1.0 0.0 0.018518518518518517 0.0 0.5142857142857142 0.5142857142857142 0.0 0.5142857142857142
0.182814 tcp http_443 S1 1104 4190 0 0 1 0 0 0 0 0 0 0 0 0 0 0 0 0 1 16 1.0 0.6875 0.0 0.0 1.0 0.0 0.9375 1 17 0.0 0.0 0.0 1.0 1.0 0.6470588235294118 0.0 0.6470588235294118
0.000000 udp other S0 0 0 0 0 0 0 0 0 0 0 0 0 0 0 0 0 0 0 24 24 0.5 0.5 0.0 0.0 0.0 0.0 0.0 36 36 1.0 0.0 0.0 1.0 0.5 0.5 0.0 0.5
0.024542 udp other SF 0 192 0 0 0 0 0 0 0 0 0 0 0 0 0 0 0 0 25 25 0.52 0.52 0.0 0.0 0.0 0.0 0.0 37 37 1.0 0.0 0.017543859649122806 0.0 0.5135135135135135 0.5135135135135135 0.0 0.5135135135135135
0.386879 tcp http_443 S1 1777 5520 0 0 2 0 0 0 0 0 0 0 0 0 0 0 0 0 0 12 0 0.8333333333333334 0 0.0 0 0 1.0 0 18 0 0 0.0 1.0 0 0.6666666666666666 0 0.6666666666666666
0.925121 tcp http_443 S1 1382 13035 0 0 2 0 0 0 0 0 0 0 0 0 0 0 0 0 1 13 0.0 0.8461538461538461 0.0 0.0 1.0 0.0 0.9230769230769231 1 19 0.0 0.0 0.0 1.0 0.0 0.6842105263157895 0.0 0.6842105263157895
0.000000 udp other S0 0 0 0 0 0 0 0 0 0 0 0 0 0 0 0 0 0 0 14 14 0.5 0.5 0.0 0.0 0.0 0.0 0.0 38 38 1.0 0.0 0.0 1.0 0.5 0.5 0.0 0.5
0.001552 udp other SF 0 67 0 0 0 0 0 0 0 0 0 0 0 0 0 0 0 0 15 15 0.5333333333333333 0.5333333333333333 0.0 0.0 0.0 0.0 0.0 39 39 1.0 0.0 0.01639344262295082 0.0 0.5128205128205128 0.5128205128205128 0.0 0.5128205128205128
0.118021 tcp http_443 S1 1493 3874 0 0 1 0 0 0 0 0 0 0 0 0 0 0 0 0 0 9 0 0.8888888888888888 0 0.0 0 0 1.0 0 20 0 0 0.0 1.0 0 0.7 0 0.7
0.000000 udp other S0 0 0 0 0 0 0 0 0 0 0 0 0 0 0 0 0 0 0 4 4 0.5 0.5 0.0 0.0 0.0 0.0 0.0 40 40 1.0 0.0 0.0 1.0 0.5 0.5 0.0 0.5
0.148303 udp other SF 0 97 0 0 0 0 0 0 0 0 0 0 0 0 0 0 0 0 5 5 0.6 0.6 0.0 0.0 0.0 0.0 0.0 41 41 1.0 0.0 0.015625 0.0 0.5121951219512195 0.5121951219512195 0.0 0.5121951219512195
3.164733 tcp http_443 S1 47428 32803 0 0 2 0 0 0 0 0 0 0 0 0 0 0 0 0 0 3 0 1.0 0 0.0 0 0 1.0 0 21 0 0 0.0 1.0 0 0.7142857142857143 0 0.7142857142857143
0.000000 udp other S0 0 0 0 0 0 0 0 0 0 0 0 0 0 0 0 0 0 0 0 0 0 0 0 0 0 0 0 0 0 0 0 0.0 0 0 0 0 0
0.016877 udp other SF 0 48 0 0 0 0 0 0 0 0 0 0 0 0 0 0 0 0 1 1 1.0 1.0 0.0 0.0 0.0 0.0 0.0 1 1 1.0 0.0 0.014925373134328358 0.0 1.0 1.0 0.0 1.0
0.000000 udp other S0 0 0 0 0 0 0 0 0 0 0 0 0 0 0 0 0 0 0 4 4 0.5 0.5 0.0 0.0 0.0 0.0 0.0 42 42 1.0 0.0 0.0 1.0 0.5 0.5 0.0 0.5
0.013138 udp other SF 0 51 0 0 0 0 0 0 0 0 0 0 0 0 0 0 0 0 5 5 0.6 0.6 0.0 0.0 0.0 0.0 0.0 43 43 1.0 0.0 0.014492753623188406 0.0 0.5116279069767442 0.5116279069767442 0.0 0.5116279069767442
0.146145 tcp http_443 S1 2015 19414 0 0 1 0 0 0 0 0 0 0 0 0 0 0 0 0 0 2 0 1.0 0 0.0 0 0 1.0 0 22 0 0 0.0 1.0 0 0.7272727272727273 0 0.7272727272727273
0.000000 udp other S0 0 0 0 0 0 0 0 0 0 0 0 0 0 0 0 0 0 0 6 6 0.5 0.5 0.0 0.0 0.0 0.0 0.0 44 44 1.0 0.0 0.0 1.0 0.5 0.5 0.0 0.5
0.000000 udp other S0 0 0 0 0 0 0 0 0 0 0 0 0 0 0 0 0 0 0 7 7 0.5714285714285714 0.5714285714285714 0.0 0.0 0.0 0.0 0.0 45 45 1.0 0.0 0.0 0.0 0.5111111111111111 0.5111111111111111 0.0 0.5111111111111111
0.012981 udp other SF 0 51 0 0 0 0 0 0 0 0 0 0 0 0 0 0 0 0 8 8 0.625 0.625 0.0 0.0 0.0 0.0 0.0 46 46 1.0 0.0 0.0136986301369863 0.0 0.5217391304347826 0.5217391304347826 0.0 0.5217391304347826
0.040676 tcp http_443 S1 568 225 0 0 1 0 0 0 0 0 0 0 0 0 0 0 0 0 1 3 1.0 1.0 0.0 0.0 1.0 0.0 0.6666666666666666 1 23 0.0 0.0 0.0 1.0 1.0 0.7391304347826086 0.0 0.7391304347826086
0.205534 udp other SF 0 58 0 0 0 0 0 0 0 0 0 0 0 0 0 0 0 0 9 9 0.5555555555555556 0.5555555555555556 0.0 0.0 0.0 0.0 0.0 47 47 1.0 0.0 0.013333333333333334 1.0 0.5106382978723404 0.5106382978723404 0.0 0.5106382978723404
1.822423 tcp http_443 S1 1631 20317 0 0 3 0 0 0 0 0 0 0 0 0 0 0 0 0 0 4 0 1.0 0 0.0 0 0 1.0 0 24 0 0 0.0 1.0 0 0.75 0 0.75
0.096205 tcp http_443 S1 2527 4152 0 0 1 0 0 0 0 0 0 0 0 0 0 0 0 0 0 5 0 1.0 0 0.0 0 0 1.0 1 25 0.0 0.0 0.0 1.0 1.0 0.76 0.0 0.76
0.000000 udp other S0 0 0 0 0 0 0 0 0 0 0 0 0 0 0 0 0 0 0 0 0 0 0 0 0 0 0 0 48 48 1.0 0.0 0.0 1.0 0.5 0.5 0.0 0.5
0.013235 udp other SF 0 105 0 0 0 0 0 0 0 0 0 0 0 0 0 0 0 0 1 1 1.0 1.0 0.0 0.0 0.0 0.0 0.0 49 49 1.0 0.0 0.012658227848101266 0.0 0.5102040816326531 0.5102040816326531 0.0 0.5102040816326531
0.757044 tcp http_443 S1 1190 4372 0 0 2 0 0 0 0 0 0 0 0 0 0 0 0 0 0 0 0 0 0 0 0 0 0 0 26 0 0 0.0 1.0 0 0.7692307692307693 0 0.7692307692307693
0.000000 udp other S0 0 0 0 0 0 0 0 0 0 0 0 0 0 0 0 0 0 0 2 2 0.5 0.5 0.0 0.0 0.0 0.0 0.0 50 50 1.0 0.0 0.0 1.0 0.5 0.5 0.0 0.5
0.001503 udp other SF 0 105 0 0 0 0 0 0 0 0 0 0 0 0 0 0 0 0 3 3 0.6666666666666666 0.6666666666666666 0.0 0.0 0.0 0.0 0.0 51 51 1.0 0.0 0.012195121951219513 0.0 0.5098039215686274 0.5098039215686274 0.0 0.5098039215686274
0.092115 tcp http_443 S1 1784 4102 0 0 1 0 0 0 0 0 0 0 0 0 0 0 0 0 0 1 0 1.0 0 0.0 0 0 1.0 0 27 0 0 0.0 1.0 0 0.7777777777777778 0 0.7777777777777778
0.000000 udp other S0 0 0 0 0 0 0 0 0 0 0 0 0 0 0 0 0 0 0 4 4 0.5 0.5 0.0 0.0 0.0 0.0 0.0 52 52 1.0 0.0 0.0 1.0 0.5 0.5 0.0 0.5
0.013678 udp other SF 0 196 0 0 0 0 0 0 0 0 0 0 0 0 0 0 0 0 5 5 0.6 0.6 0.0 0.0 0.0 0.0 0.0 53 53 1.0 0.0 0.011764705882352941 0.0 0.5094339622641509 0.5094339622641509 0.0 0.5094339622641509
0.081670 tcp http_443 S1 910 18622 0 0 2 0 0 0 0 0 0 0 0 0 0 0 0 0 0 2 0 1.0 0 0.0 0 0 1.0 0 28 0 0 0.0 1.0 0 0.7857142857142857 0 0.7857142857142857
0.000000 udp other S0 0 0 0 0 0 0 0 0 0 0 0 0 0 0 0 0 0 0 0 0 0 0 0 0 0 0 0 0 0 0 0 0 0 0 0 0 0